9.999999997314920064e-01 2.317360699792590125e-05 0.000000000000000000e+00 -8.000000000000000000e+00 -2.317360699792590125e-05 9.999999997314920064e-01 0.000000000000000000e+00 5.000000000000000000e+00 0.000000000000000000e+00 0.000000000000000000e+00 1.000000000000000000e+00 0.000000000000000000e+00
9.974657828921585923e-01 -7.114781767091074571e-02 0.000000000000000000e+00 -8.008608000000000615e+00 7.114781767091074571e-02 9.974657828921585923e-01 0.000000000000000000e+00 4.602340700000000062e+00 0.000000000000000000e+00 0.000000000000000000e+00 1.000000000000000000e+00 0.000000000000000000e+00
9.895596462387657999e-01 -1.441239277004645880e-01 0.000000000000000000e+00 -7.985187999999999953e+00 1.441239277004645880e-01 9.895596462387657999e-01 0.000000000000000000e+00 4.205821499999999880e+00 0.000000000000000000e+00 0.000000000000000000e+00 1.000000000000000000e+00 0.000000000000000000e+00
9.594095844728502964e-01 -2.820163988523232690e-01 0.000000000000000000e+00 -7.882003000000000092e+00 2.820163988523232690e-01 9.594095844728502964e-01 0.000000000000000000e+00 3.882002400000000186e+00 0.000000000000000000e+00 0.000000000000000000e+00 1.000000000000000000e+00 0.000000000000000000e+00
9.229083921358486320e-01 -3.850196095333621171e-01 0.000000000000000000e+00 -7.716766400000000026e+00 3.850196095333621171e-01 9.229083921358486320e-01 0.000000000000000000e+00 3.571750600000000109e+00 0.000000000000000000e+00 0.000000000000000000e+00 1.000000000000000000e+00 0.000000000000000000e+00
8.532675312350800345e-01 -5.214734126875423259e-01 0.000000000000000000e+00 -7.552717000000000347e+00 5.214734126875423259e-01 8.532675312350800345e-01 0.000000000000000000e+00 3.109637499999999832e+00 0.000000000000000000e+00 0.000000000000000000e+00 1.000000000000000000e+00 0.000000000000000000e+00
8.729650258229574300e-01 -4.877828038071076455e-01 0.000000000000000000e+00 -7.155905200000000299e+00 4.877828038071076455e-01 8.729650258229574300e-01 0.000000000000000000e+00 2.732442100000000096e+00 0.000000000000000000e+00 0.000000000000000000e+00 1.000000000000000000e+00 0.000000000000000000e+00
8.629526283326807157e-01 -5.052848318064951938e-01 0.000000000000000000e+00 -6.891429999999999723e+00 5.052848318064951938e-01 8.629526283326807157e-01 0.000000000000000000e+00 2.333832699999999871e+00 0.000000000000000000e+00 0.000000000000000000e+00 1.000000000000000000e+00 0.000000000000000000e+00
7.783811679499649250e-01 -6.277919698282613536e-01 0.000000000000000000e+00 -6.619032400000000038e+00 6.277919698282613536e-01 7.783811679499649250e-01 0.000000000000000000e+00 2.001896900000000201e+00 0.000000000000000000e+00 0.000000000000000000e+00 1.000000000000000000e+00 0.000000000000000000e+00
7.117974900398715832e-01 -7.023847472524862301e-01 0.000000000000000000e+00 -6.328724000000000238e+00 7.023847472524862301e-01 7.117974900398715832e-01 0.000000000000000000e+00 1.592125400000000024e+00 0.000000000000000000e+00 0.000000000000000000e+00 1.000000000000000000e+00 0.000000000000000000e+00
6.754254274711225525e-01 -7.374282961247495827e-01 0.000000000000000000e+00 -5.932311499999999960e+00 7.374282961247495827e-01 6.754254274711225525e-01 0.000000000000000000e+00 1.345106799999999936e+00 0.000000000000000000e+00 0.000000000000000000e+00 1.000000000000000000e+00 0.000000000000000000e+00
7.622033034346595848e-01 -6.473377203850338990e-01 0.000000000000000000e+00 -5.689750700000000272e+00 6.473377203850338990e-01 7.622033034346595848e-01 0.000000000000000000e+00 1.030463300000000082e+00 0.000000000000000000e+00 0.000000000000000000e+00 1.000000000000000000e+00 0.000000000000000000e+00
7.322363974699896971e-01 -6.810505548196632564e-01 0.000000000000000000e+00 -5.344929999999999737e+00 6.810505548196632564e-01 7.322363974699896971e-01 0.000000000000000000e+00 7.670377999999999918e-01 0.000000000000000000e+00 0.000000000000000000e+00 1.000000000000000000e+00 0.000000000000000000e+00
6.915910158087960058e-01 -7.222893235072478380e-01 0.000000000000000000e+00 -5.079749600000000420e+00 7.222893235072478380e-01 6.915910158087960058e-01 0.000000000000000000e+00 2.510785999999999851e-01 0.000000000000000000e+00 0.000000000000000000e+00 1.000000000000000000e+00 0.000000000000000000e+00
5.475324428579303460e-01 -8.367844549333043336e-01 0.000000000000000000e+00 -4.751613599999999771e+00 8.367844549333043336e-01 5.475324428579303460e-01 0.000000000000000000e+00 1.423168300000000053e-01 0.000000000000000000e+00 0.000000000000000000e+00 1.000000000000000000e+00 0.000000000000000000e+00
5.401750692796772890e-01 -8.415526688976132652e-01 0.000000000000000000e+00 -4.339287299999999625e+00 8.415526688976132652e-01 5.401750692796772890e-01 0.000000000000000000e+00 -1.619785400000000042e-01 0.000000000000000000e+00 0.000000000000000000e+00 1.000000000000000000e+00 0.000000000000000000e+00
4.279182455478543479e-01 -9.038174456864871420e-01 0.000000000000000000e+00 -4.143975300000000139e+00 9.038174456864871420e-01 4.279182455478543479e-01 0.000000000000000000e+00 -4.084040500000000184e-01 0.000000000000000000e+00 0.000000000000000000e+00 1.000000000000000000e+00 0.000000000000000000e+00
4.069386238027564717e-01 -9.134555032717897038e-01 0.000000000000000000e+00 -3.556940800000000014e+00 9.134555032717897038e-01 4.069386238027564717e-01 0.000000000000000000e+00 -5.752078999999999942e-01 0.000000000000000000e+00 0.000000000000000000e+00 1.000000000000000000e+00 0.000000000000000000e+00
4.739021082333201851e-01 -8.805775331065485156e-01 0.000000000000000000e+00 -3.198501799999999839e+00 8.805775331065485156e-01 4.739021082333201851e-01 0.000000000000000000e+00 -8.720771000000000495e-01 0.000000000000000000e+00 0.000000000000000000e+00 1.000000000000000000e+00 0.000000000000000000e+00
4.660539118040794015e-01 -8.847563231150796792e-01 0.000000000000000000e+00 -2.841469800000000046e+00 8.847563231150796792e-01 4.660539118040794015e-01 0.000000000000000000e+00 -8.722845299999999469e-01 0.000000000000000000e+00 0.000000000000000000e+00 1.000000000000000000e+00 0.000000000000000000e+00
3.454804646215395292e-01 -9.384259419713870676e-01 0.000000000000000000e+00 -2.920042299999999980e+00 9.384259419713870676e-01 3.454804646215395292e-01 0.000000000000000000e+00 -1.002302999999999944e+00 0.000000000000000000e+00 0.000000000000000000e+00 1.000000000000000000e+00 0.000000000000000000e+00
2.305830399432774735e-01 -9.730526510371969584e-01 0.000000000000000000e+00 -2.622438199999999942e+00 9.730526510371969584e-01 2.305830399432774735e-01 0.000000000000000000e+00 -9.751478999999999564e-01 0.000000000000000000e+00 0.000000000000000000e+00 1.000000000000000000e+00 0.000000000000000000e+00
1.077852261791226451e-01 -9.941742025507981362e-01 0.000000000000000000e+00 -2.126129999999999853e+00 9.941742025507981362e-01 1.077852261791226451e-01 0.000000000000000000e+00 -9.600270400000000537e-01 0.000000000000000000e+00 0.000000000000000000e+00 1.000000000000000000e+00 0.000000000000000000e+00
-1.098347307336390022e-01 -9.939498638888527582e-01 0.000000000000000000e+00 -1.716860800000000076e+00 9.939498638888527582e-01 -1.098347307336390022e-01 0.000000000000000000e+00 -8.694941000000000475e-01 0.000000000000000000e+00 0.000000000000000000e+00 1.000000000000000000e+00 0.000000000000000000e+00
-2.710844345274587841e-01 -9.625555720876213250e-01 0.000000000000000000e+00 -1.287255999999999956e+00 9.625555720876213250e-01 -2.710844345274587841e-01 0.000000000000000000e+00 -7.929610000000000269e-01 0.000000000000000000e+00 0.000000000000000000e+00 1.000000000000000000e+00 0.000000000000000000e+00
-4.095134453318670098e-01 -9.123040820320952315e-01 0.000000000000000000e+00 -9.832319600000000159e-01 9.123040820320952315e-01 -4.095134453318670098e-01 0.000000000000000000e+00 -5.847485000000000044e-01 0.000000000000000000e+00 0.000000000000000000e+00 1.000000000000000000e+00 0.000000000000000000e+00
-5.585458581141263812e-01 -8.294736429709832493e-01 0.000000000000000000e+00 -8.188560599999999967e-01 8.294736429709832493e-01 -5.585458581141263812e-01 0.000000000000000000e+00 -3.252422799999999947e-01 0.000000000000000000e+00 0.000000000000000000e+00 1.000000000000000000e+00 0.000000000000000000e+00
-6.429892657723400573e-01 -7.658751883313279496e-01 0.000000000000000000e+00 -6.491890000000000160e-01 7.658751883313279496e-01 -6.429892657723400573e-01 0.000000000000000000e+00 -1.279352300000000109e-01 0.000000000000000000e+00 0.000000000000000000e+00 1.000000000000000000e+00 0.000000000000000000e+00
-7.997947863555958659e-01 -6.002735207540031981e-01 0.000000000000000000e+00 -3.929941399999999918e-01 6.002735207540031981e-01 -7.997947863555958659e-01 0.000000000000000000e+00 2.112876300000000040e-01 0.000000000000000000e+00 0.000000000000000000e+00 1.000000000000000000e+00 0.000000000000000000e+00
-8.957252184631790959e-01 -4.446080667386615448e-01 0.000000000000000000e+00 -7.925628999999999313e-02 4.446080667386615448e-01 -8.957252184631790959e-01 0.000000000000000000e+00 6.186549700000000263e-01 0.000000000000000000e+00 0.000000000000000000e+00 1.000000000000000000e+00 0.000000000000000000e+00
9.239218676013557507e-01 3.825812104220788212e-01 0.000000000000000000e+00 4.496076000000000239e-02 -3.825812104220788212e-01 9.239218676013557507e-01 0.000000000000000000e+00 9.374502999999999586e-01 0.000000000000000000e+00 0.000000000000000000e+00 1.000000000000000000e+00 0.000000000000000000e+00
9.580236490689932882e-01 2.866891833057716443e-01 0.000000000000000000e+00 1.710355299999999912e-01 -2.866891833057716443e-01 9.580236490689932882e-01 0.000000000000000000e+00 1.462391599999999903e+00 0.000000000000000000e+00 0.000000000000000000e+00 1.000000000000000000e+00 0.000000000000000000e+00
9.741315603172414628e-01 2.259816434887942926e-01 0.000000000000000000e+00 2.574162999999999868e-01 -2.259816434887942926e-01 9.741315603172414628e-01 0.000000000000000000e+00 1.868416400000000088e+00 0.000000000000000000e+00 0.000000000000000000e+00 1.000000000000000000e+00 0.000000000000000000e+00
9.999853204199405932e-01 5.418389486616896969e-03 0.000000000000000000e+00 3.936326800000000126e-01 -5.418389486616896969e-03 9.999853204199405932e-01 0.000000000000000000e+00 2.105189600000000105e+00 0.000000000000000000e+00 0.000000000000000000e+00 1.000000000000000000e+00 0.000000000000000000e+00
9.821023654756866339e-01 -1.883479326328293402e-01 0.000000000000000000e+00 1.802343399999999929e-01 1.883479326328293402e-01 9.821023654756866339e-01 0.000000000000000000e+00 2.543894499999999947e+00 0.000000000000000000e+00 0.000000000000000000e+00 1.000000000000000000e+00 0.000000000000000000e+00
9.398990467412879912e-01 -3.414524592601700381e-01 0.000000000000000000e+00 5.512389000000000351e-03 3.414524592601700381e-01 9.398990467412879912e-01 0.000000000000000000e+00 2.998961200000000105e+00 0.000000000000000000e+00 0.000000000000000000e+00 1.000000000000000000e+00 0.000000000000000000e+00
8.689579755111155324e-01 -4.948858825988305399e-01 0.000000000000000000e+00 -2.743162800000000234e-01 4.948858825988305399e-01 8.689579755111155324e-01 0.000000000000000000e+00 3.284187600000000096e+00 0.000000000000000000e+00 0.000000000000000000e+00 1.000000000000000000e+00 0.000000000000000000e+00
7.742029441054599781e-01 -6.329374387239531385e-01 0.000000000000000000e+00 -4.130938000000000110e-01 6.329374387239531385e-01 7.742029441054599781e-01 0.000000000000000000e+00 3.730351199999999867e+00 0.000000000000000000e+00 0.000000000000000000e+00 1.000000000000000000e+00 0.000000000000000000e+00
7.657374252286215377e-01 -6.431533220035804410e-01 0.000000000000000000e+00 -5.861222000000000376e-01 6.431533220035804410e-01 7.657374252286215377e-01 0.000000000000000000e+00 4.129143700000000194e+00 0.000000000000000000e+00 0.000000000000000000e+00 1.000000000000000000e+00 0.000000000000000000e+00
7.494911443929531680e-01 -6.620143687840479574e-01 0.000000000000000000e+00 -9.174788600000000072e-01 6.620143687840479574e-01 7.494911443929531680e-01 0.000000000000000000e+00 4.588424999999999976e+00 0.000000000000000000e+00 0.000000000000000000e+00 1.000000000000000000e+00 0.000000000000000000e+00
-7.603514699898418217e-01 6.495118490715059423e-01 0.000000000000000000e+00 -8.297088999999999714e-01 -6.495118490715059423e-01 -7.603514699898418217e-01 0.000000000000000000e+00 4.446868399999999610e+00 0.000000000000000000e+00 0.000000000000000000e+00 1.000000000000000000e+00 0.000000000000000000e+00
6.351340209731043407e-01 -7.724019519670676237e-01 0.000000000000000000e+00 -1.401835299999999895e+00 7.724019519670676237e-01 6.351340209731043407e-01 0.000000000000000000e+00 4.908593699999999949e+00 0.000000000000000000e+00 0.000000000000000000e+00 1.000000000000000000e+00 0.000000000000000000e+00
4.781206758042849669e-01 -8.782941530993211288e-01 0.000000000000000000e+00 -1.782653999999999961e+00 8.782941530993211288e-01 4.781206758042849669e-01 0.000000000000000000e+00 5.133592000000000155e+00 0.000000000000000000e+00 0.000000000000000000e+00 1.000000000000000000e+00 0.000000000000000000e+00
3.847962079253546275e-01 -9.230015592436814353e-01 0.000000000000000000e+00 -2.216874100000000070e+00 9.230015592436814353e-01 3.847962079253546275e-01 0.000000000000000000e+00 5.487444400000000222e+00 0.000000000000000000e+00 0.000000000000000000e+00 1.000000000000000000e+00 0.000000000000000000e+00
2.785438485850742496e-01 -9.604235130479756855e-01 0.000000000000000000e+00 -2.678954599999999964e+00 9.604235130479756855e-01 2.785438485850742496e-01 0.000000000000000000e+00 5.773986299999999794e+00 0.000000000000000000e+00 0.000000000000000000e+00 1.000000000000000000e+00 0.000000000000000000e+00
2.155514496575039185e-01 -9.764924846359794852e-01 0.000000000000000000e+00 -3.163538500000000031e+00 9.764924846359794852e-01 2.155514496575039185e-01 0.000000000000000000e+00 5.828682399999999930e+00 0.000000000000000000e+00 0.000000000000000000e+00 1.000000000000000000e+00 0.000000000000000000e+00
1.843151409588924816e-01 -9.828671979536725001e-01 0.000000000000000000e+00 -3.547137499999999832e+00 9.828671979536725001e-01 1.843151409588924816e-01 0.000000000000000000e+00 5.871541999999999817e+00 0.000000000000000000e+00 0.000000000000000000e+00 1.000000000000000000e+00 0.000000000000000000e+00
5.834386831982894817e-02 -9.982965456363547263e-01 0.000000000000000000e+00 -4.057158000000000264e+00 9.982965456363547263e-01 5.834386831982894817e-02 0.000000000000000000e+00 6.184977499999999573e+00 0.000000000000000000e+00 0.000000000000000000e+00 1.000000000000000000e+00 0.000000000000000000e+00
-7.032927377015700532e-02 -9.975238309188219077e-01 0.000000000000000000e+00 -4.530024000000000051e+00 9.975238309188219077e-01 -7.032927377015700532e-02 0.000000000000000000e+00 6.166409999999999947e+00 0.000000000000000000e+00 0.000000000000000000e+00 1.000000000000000000e+00 0.000000000000000000e+00
-9.966295145175854686e-02 -9.950212540985867715e-01 0.000000000000000000e+00 -5.106179000000000023e+00 9.950212540985867715e-01 -9.966295145175854686e-02 0.000000000000000000e+00 6.161175700000000255e+00 0.000000000000000000e+00 0.000000000000000000e+00 1.000000000000000000e+00 0.000000000000000000e+00
-1.845365377019320408e-01 -9.828256540470357017e-01 0.000000000000000000e+00 -5.552032500000000148e+00 9.828256540470357017e-01 -1.845365377019320408e-01 0.000000000000000000e+00 6.206956400000000151e+00 0.000000000000000000e+00 0.000000000000000000e+00 1.000000000000000000e+00 0.000000000000000000e+00
-1.579395669296363713e-01 -9.874487800377692581e-01 0.000000000000000000e+00 -5.994256499999999654e+00 9.874487800377692581e-01 -1.579395669296363713e-01 0.000000000000000000e+00 6.046064399999999672e+00 0.000000000000000000e+00 0.000000000000000000e+00 1.000000000000000000e+00 0.000000000000000000e+00
-3.513798984452388141e-01 -9.362329661834246641e-01 0.000000000000000000e+00 -6.457128499999999605e+00 9.362329661834246641e-01 -3.513798984452388141e-01 0.000000000000000000e+00 6.021990999999999872e+00 0.000000000000000000e+00 0.000000000000000000e+00 1.000000000000000000e+00 0.000000000000000000e+00
-4.018061624889148198e-01 -9.157247445526039975e-01 0.000000000000000000e+00 -6.745216400000000334e+00 9.157247445526039975e-01 -4.018061624889148198e-01 0.000000000000000000e+00 6.049962999999999980e+00 0.000000000000000000e+00 0.000000000000000000e+00 1.000000000000000000e+00 0.000000000000000000e+00
-5.015146956842911896e-01 -8.651491258810198870e-01 0.000000000000000000e+00 -7.057820000000000427e+00 8.651491258810198870e-01 -5.015146956842911896e-01 0.000000000000000000e+00 5.804938299999999884e+00 0.000000000000000000e+00 0.000000000000000000e+00 1.000000000000000000e+00 0.000000000000000000e+00
-5.862741583042582194e-01 -8.101127151851361674e-01 0.000000000000000000e+00 -7.592128999999999905e+00 8.101127151851361674e-01 -5.862741583042582194e-01 0.000000000000000000e+00 5.730485400000000062e+00 0.000000000000000000e+00 0.000000000000000000e+00 1.000000000000000000e+00 0.000000000000000000e+00
-6.844538240676395491e-01 -7.290562136894415124e-01 0.000000000000000000e+00 -8.068269000000000801e+00 7.290562136894415124e-01 -6.844538240676395491e-01 0.000000000000000000e+00 5.412416499999999964e+00 0.000000000000000000e+00 0.000000000000000000e+00 1.000000000000000000e+00 0.000000000000000000e+00
-7.465509320154686268e-01 -6.653282692827917622e-01 0.000000000000000000e+00 -8.286645000000000039e+00 6.653282692827917622e-01 -7.465509320154686268e-01 0.000000000000000000e+00 5.100064999999999849e+00 0.000000000000000000e+00 0.000000000000000000e+00 1.000000000000000000e+00 0.000000000000000000e+00
-9.502963590165000030e-01 -3.113468002725953143e-01 0.000000000000000000e+00 -8.621160500000000226e+00 3.113468002725953143e-01 -9.502963590165000030e-01 0.000000000000000000e+00 4.692463400000000284e+00 0.000000000000000000e+00 0.000000000000000000e+00 1.000000000000000000e+00 0.000000000000000000e+00
-9.774600867600358178e-01 -2.111202945978032375e-01 0.000000000000000000e+00 -8.765494999999999592e+00 2.111202945978032375e-01 -9.774600867600358178e-01 0.000000000000000000e+00 4.341759699999999889e+00 0.000000000000000000e+00 0.000000000000000000e+00 1.000000000000000000e+00 0.000000000000000000e+00
1.445098644015052058e-01 -9.895033598177717105e-01 0.000000000000000000e+00 -8.659802000000000888e+00 9.895033598177717105e-01 1.445098644015052058e-01 0.000000000000000000e+00 4.434674700000000414e+00 0.000000000000000000e+00 0.000000000000000000e+00 1.000000000000000000e+00 0.000000000000000000e+00
-9.681467109481894928e-01 2.503835978657604766e-01 0.000000000000000000e+00 -8.574320999999999415e+00 -2.503835978657604766e-01 -9.681467109481894928e-01 0.000000000000000000e+00 4.051784999999999748e+00 0.000000000000000000e+00 0.000000000000000000e+00 1.000000000000000000e+00 0.000000000000000000e+00
-8.376304167246001464e-01 5.462373888500975383e-01 0.000000000000000000e+00 -8.500674999999999315e+00 -5.462373888500975383e-01 -8.376304167246001464e-01 0.000000000000000000e+00 3.700317000000000078e+00 0.000000000000000000e+00 0.000000000000000000e+00 1.000000000000000000e+00 0.000000000000000000e+00
-6.350657795548614315e-01 7.724580607634152773e-01 0.000000000000000000e+00 -8.220608000000000359e+00 -7.724580607634152773e-01 -6.350657795548614315e-01 0.000000000000000000e+00 3.291773800000000083e+00 0.000000000000000000e+00 0.000000000000000000e+00 1.000000000000000000e+00 0.000000000000000000e+00
-3.081308636222847008e-01 9.513439813670894196e-01 0.000000000000000000e+00 -7.776246000000000436e+00 -9.513439813670894196e-01 -3.081308636222847008e-01 0.000000000000000000e+00 3.100278100000000148e+00 0.000000000000000000e+00 0.000000000000000000e+00 1.000000000000000000e+00 0.000000000000000000e+00
-2.079327454921592322e-02 9.997837964947826617e-01 0.000000000000000000e+00 -7.285374000000000017e+00 -9.997837964947826617e-01 -2.079327454921592322e-02 0.000000000000000000e+00 3.188403600000000004e+00 0.000000000000000000e+00 0.000000000000000000e+00 1.000000000000000000e+00 0.000000000000000000e+00
1.548945624150583622e-01 9.879310069707537556e-01 0.000000000000000000e+00 -6.649345399999999628e+00 -9.879310069707537556e-01 1.548945624150583622e-01 0.000000000000000000e+00 3.214625600000000194e+00 0.000000000000000000e+00 0.000000000000000000e+00 1.000000000000000000e+00 0.000000000000000000e+00
3.897225721833255108e-01 9.209323084411864535e-01 0.000000000000000000e+00 -6.141834000000000238e+00 -9.209323084411864535e-01 3.897225721833255108e-01 0.000000000000000000e+00 3.393509900000000190e+00 0.000000000000000000e+00 0.000000000000000000e+00 1.000000000000000000e+00 0.000000000000000000e+00
6.724877410910907738e-01 7.401082610552337515e-01 0.000000000000000000e+00 -5.981699500000000391e+00 -7.401082610552337515e-01 6.724877410910907738e-01 0.000000000000000000e+00 3.714097699999999946e+00 0.000000000000000000e+00 0.000000000000000000e+00 1.000000000000000000e+00 0.000000000000000000e+00
8.867111122288388048e-01 4.623239161560817601e-01 0.000000000000000000e+00 -5.801298599999999972e+00 -4.623239161560817601e-01 8.867111122288388048e-01 0.000000000000000000e+00 4.171837000000000018e+00 0.000000000000000000e+00 0.000000000000000000e+00 1.000000000000000000e+00 0.000000000000000000e+00
-9.941268626710328959e-01 -1.082209818651136829e-01 0.000000000000000000e+00 -5.601683600000000318e+00 1.082209818651136829e-01 -9.941268626710328959e-01 0.000000000000000000e+00 4.591113599999999906e+00 0.000000000000000000e+00 0.000000000000000000e+00 1.000000000000000000e+00 0.000000000000000000e+00
-9.899152266831900970e-01 1.416610178587194013e-01 0.000000000000000000e+00 -5.745466999999999658e+00 -1.416610178587194013e-01 -9.899152266831900970e-01 0.000000000000000000e+00 5.280847500000000139e+00 0.000000000000000000e+00 0.000000000000000000e+00 1.000000000000000000e+00 0.000000000000000000e+00
-8.781159759622845229e-01 4.784478370311695539e-01 0.000000000000000000e+00 -5.990802000000000405e+00 -4.784478370311695539e-01 -8.781159759622845229e-01 0.000000000000000000e+00 5.682343499999999992e+00 0.000000000000000000e+00 0.000000000000000000e+00 1.000000000000000000e+00 0.000000000000000000e+00
-7.053986243052744465e-01 7.088108216077307899e-01 0.000000000000000000e+00 -6.154055600000000403e+00 -7.088108216077307899e-01 -7.053986243052744465e-01 0.000000000000000000e+00 6.185531600000000019e+00 0.000000000000000000e+00 0.000000000000000000e+00 1.000000000000000000e+00 0.000000000000000000e+00
-4.734494696787983625e-01 8.808209804840394508e-01 0.000000000000000000e+00 -6.481467699999999610e+00 -8.808209804840394508e-01 -4.734494696787983625e-01 0.000000000000000000e+00 6.393805999999999656e+00 0.000000000000000000e+00 0.000000000000000000e+00 1.000000000000000000e+00 0.000000000000000000e+00
-1.005286744663795445e-01 9.949341614448831139e-01 0.000000000000000000e+00 -6.993097999999999814e+00 -9.949341614448831139e-01 -1.005286744663795445e-01 0.000000000000000000e+00 6.578732500000000094e+00 0.000000000000000000e+00 0.000000000000000000e+00 1.000000000000000000e+00 0.000000000000000000e+00
1.822653724407760911e-01 9.832493752904322148e-01 0.000000000000000000e+00 -7.375613699999999717e+00 -9.832493752904322148e-01 1.822653724407760911e-01 0.000000000000000000e+00 6.671766800000000330e+00 0.000000000000000000e+00 0.000000000000000000e+00 1.000000000000000000e+00 0.000000000000000000e+00
6.805228653643259351e-01 7.327268452270105925e-01 0.000000000000000000e+00 -7.780509000000000341e+00 -7.327268452270105925e-01 6.805228653643259351e-01 0.000000000000000000e+00 6.519600399999999851e+00 0.000000000000000000e+00 0.000000000000000000e+00 1.000000000000000000e+00 0.000000000000000000e+00
8.752693032189815536e-01 4.836358618243259411e-01 0.000000000000000000e+00 -8.114618999999999360e+00 -4.836358618243259411e-01 8.752693032189815536e-01 0.000000000000000000e+00 6.283991999999999578e+00 0.000000000000000000e+00 0.000000000000000000e+00 1.000000000000000000e+00 0.000000000000000000e+00
9.552012389695448968e-01 2.959570797785488483e-01 0.000000000000000000e+00 -8.202939999999999898e+00 -2.959570797785488483e-01 9.552012389695448968e-01 0.000000000000000000e+00 5.927872699999999995e+00 0.000000000000000000e+00 0.000000000000000000e+00 1.000000000000000000e+00 0.000000000000000000e+00
9.999983934563518861e-01 1.792507940085301312e-03 0.000000000000000000e+00 -8.199763000000000801e+00 -1.792507940085301312e-03 9.999983934563518861e-01 0.000000000000000000e+00 5.948695999999999984e+00 0.000000000000000000e+00 0.000000000000000000e+00 1.000000000000000000e+00 0.000000000000000000e+00
9.997563765058232743e-01 2.207232737946872650e-02 0.000000000000000000e+00 -8.225739000000000800e+00 -2.207232737946872650e-02 9.997563765058232743e-01 0.000000000000000000e+00 5.437628300000000081e+00 0.000000000000000000e+00 0.000000000000000000e+00 1.000000000000000000e+00 0.000000000000000000e+00
9.900839906818168501e-01 -1.404766578317127312e-01 0.000000000000000000e+00 -8.292365999999999460e+00 1.404766578317127312e-01 9.900839906818168501e-01 0.000000000000000000e+00 4.917438500000000268e+00 0.000000000000000000e+00 0.000000000000000000e+00 1.000000000000000000e+00 0.000000000000000000e+00
9.562002693964096744e-01 -2.927132467214860201e-01 0.000000000000000000e+00 -8.202229499999999618e+00 2.927132467214860201e-01 9.562002693964096744e-01 0.000000000000000000e+00 4.408354000000000106e+00 0.000000000000000000e+00 0.000000000000000000e+00 1.000000000000000000e+00 0.000000000000000000e+00
9.213212504186540919e-01 -3.888022036035901907e-01 0.000000000000000000e+00 -8.109299999999999287e+00 3.888022036035901907e-01 9.213212504186540919e-01 0.000000000000000000e+00 4.002868699999999613e+00 0.000000000000000000e+00 0.000000000000000000e+00 1.000000000000000000e+00 0.000000000000000000e+00
8.541280902235377503e-01 -5.200626938082485440e-01 0.000000000000000000e+00 -7.852682999999999858e+00 5.200626938082485440e-01 8.541280902235377503e-01 0.000000000000000000e+00 3.470327399999999951e+00 0.000000000000000000e+00 0.000000000000000000e+00 1.000000000000000000e+00 0.000000000000000000e+00
8.732030086117473777e-01 -4.873566514898432511e-01 0.000000000000000000e+00 -7.504369699999999810e+00 4.873566514898432511e-01 8.732030086117473777e-01 0.000000000000000000e+00 2.940824500000000175e+00 0.000000000000000000e+00 0.000000000000000000e+00 1.000000000000000000e+00 0.000000000000000000e+00
8.410376226724481930e-01 -5.409766328128013946e-01 0.000000000000000000e+00 -7.107634000000000007e+00 5.409766328128013946e-01 8.410376226724481930e-01 0.000000000000000000e+00 2.359506999999999799e+00 0.000000000000000000e+00 0.000000000000000000e+00 1.000000000000000000e+00 0.000000000000000000e+00
7.784894881428309210e-01 -6.276576430277203134e-01 0.000000000000000000e+00 -6.867346000000000394e+00 6.276576430277203134e-01 7.784894881428309210e-01 0.000000000000000000e+00 1.995406900000000094e+00 0.000000000000000000e+00 0.000000000000000000e+00 1.000000000000000000e+00 0.000000000000000000e+00
6.416203906646056332e-01 -7.670223427537159466e-01 0.000000000000000000e+00 -6.498536600000000441e+00 7.670223427537159466e-01 6.416203906646056332e-01 0.000000000000000000e+00 1.575541599999999987e+00 0.000000000000000000e+00 0.000000000000000000e+00 1.000000000000000000e+00 0.000000000000000000e+00
6.766887328675980084e-01 -7.362692162585943167e-01 0.000000000000000000e+00 -6.030394600000000160e+00 7.362692162585943167e-01 6.766887328675980084e-01 0.000000000000000000e+00 1.161816399999999971e+00 0.000000000000000000e+00 0.000000000000000000e+00 1.000000000000000000e+00 0.000000000000000000e+00
7.413737773501047901e-01 -6.710923351206130594e-01 0.000000000000000000e+00 -5.655908000000000158e+00 6.710923351206130594e-01 7.413737773501047901e-01 0.000000000000000000e+00 8.997635999999999967e-01 0.000000000000000000e+00 0.000000000000000000e+00 1.000000000000000000e+00 0.000000000000000000e+00
7.308650520928431371e-01 -6.825219964435765840e-01 0.000000000000000000e+00 -5.320246700000000217e+00 6.825219964435765840e-01 7.308650520928431371e-01 0.000000000000000000e+00 4.476333299999999960e-01 0.000000000000000000e+00 0.000000000000000000e+00 1.000000000000000000e+00 0.000000000000000000e+00
6.237740353669304350e-01 -7.816047292602926744e-01 0.000000000000000000e+00 -4.983736500000000014e+00 7.816047292602926744e-01 6.237740353669304350e-01 0.000000000000000000e+00 1.527570500000000053e-01 0.000000000000000000e+00 0.000000000000000000e+00 1.000000000000000000e+00 0.000000000000000000e+00
5.482029078414565326e-01 -8.363453663613922284e-01 0.000000000000000000e+00 -4.486852999999999980e+00 8.363453663613922284e-01 5.482029078414565326e-01 0.000000000000000000e+00 -2.674347200000000147e-01 0.000000000000000000e+00 0.000000000000000000e+00 1.000000000000000000e+00 0.000000000000000000e+00
3.566185239147635633e-01 -9.342500887882512206e-01 0.000000000000000000e+00 -4.157482599999999806e+00 9.342500887882512206e-01 3.566185239147635633e-01 0.000000000000000000e+00 -7.101455300000000248e-01 0.000000000000000000e+00 0.000000000000000000e+00 1.000000000000000000e+00 0.000000000000000000e+00
4.256941049999591886e-01 -9.048671333230551284e-01 0.000000000000000000e+00 -3.642464899999999783e+00 9.048671333230551284e-01 4.256941049999591886e-01 0.000000000000000000e+00 -8.685861999999999750e-01 0.000000000000000000e+00 0.000000000000000000e+00 1.000000000000000000e+00 0.000000000000000000e+00
5.697400619204336936e-01 -8.218249581528297432e-01 0.000000000000000000e+00 -3.132617999999999903e+00 8.218249581528297432e-01 5.697400619204336936e-01 0.000000000000000000e+00 -1.072478000000000042e+00 0.000000000000000000e+00 0.000000000000000000e+00 1.000000000000000000e+00 0.000000000000000000e+00
4.735477254750820042e-01 -8.807681600156629376e-01 0.000000000000000000e+00 -2.544811499999999782e+00 8.807681600156629376e-01 4.735477254750820042e-01 0.000000000000000000e+00 -1.450778600000000029e+00 0.000000000000000000e+00 0.000000000000000000e+00 1.000000000000000000e+00 0.000000000000000000e+00
4.531698050767196118e-01 -8.914242131368924626e-01 0.000000000000000000e+00 -2.077059999999999906e+00 8.914242131368924626e-01 4.531698050767196118e-01 0.000000000000000000e+00 -1.472048000000000023e+00 0.000000000000000000e+00 0.000000000000000000e+00 1.000000000000000000e+00 0.000000000000000000e+00
3.446529202883421017e-01 -9.387301872938345060e-01 0.000000000000000000e+00 -2.098628300000000113e+00 9.387301872938345060e-01 3.446529202883421017e-01 0.000000000000000000e+00 -1.521724599999999983e+00 0.000000000000000000e+00 0.000000000000000000e+00 1.000000000000000000e+00 0.000000000000000000e+00
2.572231175101618028e-01 -9.663520413484691929e-01 0.000000000000000000e+00 -1.627510400000000024e+00 9.663520413484691929e-01 2.572231175101618028e-01 0.000000000000000000e+00 -1.611916200000000021e+00 0.000000000000000000e+00 0.000000000000000000e+00 1.000000000000000000e+00 0.000000000000000000e+00
1.098026793615038132e-01 -9.939534051478644550e-01 0.000000000000000000e+00 -1.239181300000000041e+00 9.939534051478644550e-01 1.098026793615038132e-01 0.000000000000000000e+00 -1.489141300000000001e+00 0.000000000000000000e+00 0.000000000000000000e+00 1.000000000000000000e+00 0.000000000000000000e+00
-7.058163788415371120e-02 -9.975060061942435663e-01 0.000000000000000000e+00 -8.000985000000000458e-01 9.975060061942435663e-01 -7.058163788415371120e-02 0.000000000000000000e+00 -1.342468699999999959e+00 0.000000000000000000e+00 0.000000000000000000e+00 1.000000000000000000e+00 0.000000000000000000e+00
-2.710391941161744422e-01 -9.625683119928968301e-01 0.000000000000000000e+00 -3.106940400000000047e-01 9.625683119928968301e-01 -2.710391941161744422e-01 0.000000000000000000e+00 -1.266419299999999915e+00 0.000000000000000000e+00 0.000000000000000000e+00 1.000000000000000000e+00 0.000000000000000000e+00
-4.274113594189424270e-01 -9.040572602659919799e-01 0.000000000000000000e+00 -7.322059999999999680e-02 9.040572602659919799e-01 -4.274113594189424270e-01 0.000000000000000000e+00 -1.006091199999999963e+00 0.000000000000000000e+00 0.000000000000000000e+00 1.000000000000000000e+00 0.000000000000000000e+00
-5.569821394285610072e-01 -8.305244706554906209e-01 0.000000000000000000e+00 2.077698299999999887e-01 8.305244706554906209e-01 -5.569821394285610072e-01 0.000000000000000000e+00 -7.742991999999999653e-01 0.000000000000000000e+00 0.000000000000000000e+00 1.000000000000000000e+00 0.000000000000000000e+00
-6.861720473825111410e-01 -7.274392905190734115e-01 0.000000000000000000e+00 4.556098000000000092e-01 7.274392905190734115e-01 -6.861720473825111410e-01 0.000000000000000000e+00 -5.891453599999999513e-01 0.000000000000000000e+00 0.000000000000000000e+00 1.000000000000000000e+00 0.000000000000000000e+00
-8.009875067679724792e-01 -5.986810620034904717e-01 0.000000000000000000e+00 6.819957500000000117e-01 5.986810620034904717e-01 -8.009875067679724792e-01 0.000000000000000000e+00 -1.892448800000000042e-01 0.000000000000000000e+00 0.000000000000000000e+00 1.000000000000000000e+00 0.000000000000000000e+00
-8.635622547526190518e-01 -5.042422356036556641e-01 0.000000000000000000e+00 9.112338399999999616e-01 5.042422356036556641e-01 -8.635622547526190518e-01 0.000000000000000000e+00 8.066842999999999930e-02 0.000000000000000000e+00 0.000000000000000000e+00 1.000000000000000000e+00 0.000000000000000000e+00
9.239820361950735750e-01 3.824358727797455559e-01 0.000000000000000000e+00 1.111674400000000063e+00 -3.824358727797455559e-01 9.239820361950735750e-01 0.000000000000000000e+00 5.111968500000000359e-01 0.000000000000000000e+00 0.000000000000000000e+00 1.000000000000000000e+00 0.000000000000000000e+00
9.557030414205879287e-01 2.943326292130012400e-01 0.000000000000000000e+00 1.178667399999999921e+00 -2.943326292130012400e-01 9.557030414205879287e-01 0.000000000000000000e+00 8.909523999999999777e-01 0.000000000000000000e+00 0.000000000000000000e+00 1.000000000000000000e+00 0.000000000000000000e+00
9.740551455099379918e-01 2.263107896358755311e-01 0.000000000000000000e+00 1.262302999999999953e+00 -2.263107896358755311e-01 9.740551455099379918e-01 0.000000000000000000e+00 1.338014100000000095e+00 0.000000000000000000e+00 0.000000000000000000e+00 1.000000000000000000e+00 0.000000000000000000e+00
9.967123982738446131e-01 8.102095486478200215e-02 0.000000000000000000e+00 1.316893499999999939e+00 -8.102095486478200215e-02 9.967123982738446131e-01 0.000000000000000000e+00 1.921856199999999903e+00 0.000000000000000000e+00 0.000000000000000000e+00 1.000000000000000000e+00 0.000000000000000000e+00
9.828475553694967504e-01 -1.844198549619967542e-01 0.000000000000000000e+00 1.221619699999999975e+00 1.844198549619967542e-01 9.828475553694967504e-01 0.000000000000000000e+00 2.165977999999999959e+00 0.000000000000000000e+00 0.000000000000000000e+00 1.000000000000000000e+00 0.000000000000000000e+00
9.475834110434745439e-01 -3.195084961549747860e-01 0.000000000000000000e+00 1.099121100000000073e+00 3.195084961549747860e-01 9.475834110434745439e-01 0.000000000000000000e+00 2.515610999999999819e+00 0.000000000000000000e+00 0.000000000000000000e+00 1.000000000000000000e+00 0.000000000000000000e+00
8.689232967241431460e-01 -4.949467692692282039e-01 0.000000000000000000e+00 7.330625699999999689e-01 4.949467692692282039e-01 8.689232967241431460e-01 0.000000000000000000e+00 2.962401900000000143e+00 0.000000000000000000e+00 0.000000000000000000e+00 1.000000000000000000e+00 0.000000000000000000e+00
8.285199061044209445e-01 -5.599596103191029073e-01 0.000000000000000000e+00 4.278361500000000262e-01 5.599596103191029073e-01 8.285199061044209445e-01 0.000000000000000000e+00 3.476228199999999990e+00 0.000000000000000000e+00 0.000000000000000000e+00 1.000000000000000000e+00 0.000000000000000000e+00
7.654905458956163811e-01 -6.434471416864258053e-01 0.000000000000000000e+00 3.261608999999999758e-01 6.434471416864258053e-01 7.654905458956163811e-01 0.000000000000000000e+00 3.714953700000000136e+00 0.000000000000000000e+00 0.000000000000000000e+00 1.000000000000000000e+00 0.000000000000000000e+00
-6.820401154789722531e-01 7.313147618347589640e-01 0.000000000000000000e+00 -1.502386500000000014e-01 -7.313147618347589640e-01 -6.820401154789722531e-01 0.000000000000000000e+00 3.978959300000000088e+00 0.000000000000000000e+00 0.000000000000000000e+00 1.000000000000000000e+00 0.000000000000000000e+00
